lbj 
mj
kb 
11
22
3311
22
3311
22
3311
22
3311
22
3311
22
3311
22
3311
22
3311
22
3311
22
3311
22
3311
22
3311
22
3311
22
3311
22
3311
22
3311
22
3311
22
3311
22
3311
22
3311
22
3311
22
3311
22
3311
22
3311
22
3311
22
3311
22
3311
22
3311
22
3311
22
3311
22
3311
22
3311
22
3311
22
3311
22
3311
22
3311
22
3311
22
3311
22
3311
22
3311
22
3311
22
3311
22
3311
22
3311
22
3311
22
3311
22
3311
22
3311
22
3311
22
3311
22
3311
22
3311
22
3311
22
3311
22
3311
22
3311
22
3311
22
3311
22
3311
22
3311
22
3311
22
3311
22
3311
22
3311
22
3311
22
3311
22
3311
22
3311
22
3311
22
3311
22
3311
22
3311
22
3311
22
3311
22
3311
22
3311
22
3311
22
3311
22
3311
22
3311
22
3311
22
3311
22
3311
22
3311
22
3311
22
3311
22
3311
22
3311
22
3311
22
3311
22
3311
22
3311
22
3311
22
3311
22
3311
22
3311
22
3311
22
3311
22
3311
22
3311
22
3311
22
3311
22
3311
22
3311
22
3311
22
3311
22
3311
22
3311
22
3311
22
3311
22
33
xxx
ww
csa
w
xa
d
11
22
gsy
sjq

